1 2
1 796
2 1
2 3
2 10
2 11
2 362
2 404
2 405
2 805
3 2
3 4
3 430
3 431
3 512
4 3
4 5
4 488
4 512
4 964
5 4
5 6
5 487
5 512
6 5
6 7
6 511
7 6
7 8
7 15
7 18
7 510
8 7
8 9
8 540
8 1014
9 8
9 22
10 2
10 360
10 801
11 2
11 12
11 488
11 489
11 966
11 985
12 11
12 13
12 986
13 12
13 14
14 13
14 15
15 7
15 14
15 16
15 512
16 15
16 17
17 16
17 18
18 7
18 17
18 19
19 18
19 20
20 19
20 21
21 20
21 22
22 9
22 21
22 1030
23 24
23 343
24 23
24 25
24 570
25 24
25 26
25 567
25 779
25 916
26 25
26 27
27 26
27 28
27 363
27 364
27 567
27 791
27 792
27 797
28 27
28 29
29 28
29 30
30 29
30 31
30 792
30 797
30 798
31 30
31 32
31 38
31 39
31 362
31 405
31 406
32 31
32 33
33 32
33 34
33 804
34 33
34 35
34 436
34 805
34 937
35 34
35 36
35 55
35 437
35 806
36 35
36 37
36 56
37 36
37 38
37 436
37 568
38 31
38 37
38 39
38 568
39 31
39 38
39 40
39 489
39 817
40 39
40 41
41 40
41 42
41 568
42 41
42 43
42 491
43 42
43 44
44 43
44 45
44 491
44 492
44 828
45 44
45 68
45 492
45 513
46 47
46 345
46 362
46 760
47 46
47 48
47 344
47 345
47 917
48 47
48 49
49 48
49 50
50 49
50 51
50 601
50 779
51 50
51 52
51 365
51 366
51 569
51 572
52 51
52 53
52 368
52 407
52 602
52 795
53 52
53 54
54 53
54 55
54 603
54 804
55 35
55 54
55 938
56 36
56 57
57 56
57 58
57 437
58 57
58 59
59 58
59 60
59 609
60 59
60 61
61 60
61 62
62 61
62 63
63 62
63 64
63 491
63 492
63 493
63 820
64 63
64 65
65 64
65 66
65 571
66 65
66 67
66 97
66 98
67 66
67 68
67 830
68 45
68 67
68 132
68 1019
69 70
70 69
70 71
71 70
71 72
72 71
72 73
72 548
72 725
73 72
73 74
74 73
74 75
75 74
75 338
75 339
75 544
76 77
77 76
77 78
77 600
78 77
78 79
79 78
79 80
80 79
80 81
81 80
81 82
82 81
82 83
82 115
82 572
82 613
83 82
83 84
83 348
83 349
84 83
84 85
85 84
85 86
85 601
86 85
86 87
87 86
87 88
87 602
87 603
87 605
88 87
88 89
88 408
88 409
88 625
88 807
89 88
89 90
89 122
89 605
89 606
89 627
89 939
89 943
90 89
90 91
90 447
91 90
91 92
91 967
92 91
92 93
92 444
92 445
92 446
92 941
93 92
93 94
94 93
94 95
94 821
95 94
95 96
96 95
96 97
97 66
97 96
97 127
97 493
98 66
98 99
99 98
99 100
99 128
99 129
100 99
100 101
101 100
101 102
102 101
102 103
102 1020
103 102
103 104
103 1020
104 103
104 105
104 1023
105 104
105 106
105 1022
106 105
107 108
108 107
108 109
108 142
108 336
109 108
109 110
110 109
110 111
111 110
111 112
111 610
112 111
112 113
113 112
114 115
114 613
114 761
115 82
115 114
115 116
115 147
115 149
115 350
115 622
115 899
116 115
116 117
116 780
117 116
117 118
117 373
117 374
118 117
118 119
119 118
119 120
119 156
119 157
119 410
119 619
119 647
120 119
120 121
121 120
121 122
121 448
121 449
121 809
122 89
122 121
122 123
122 447
122 448
122 968
123 122
123 124
123 633
123 822
123 823
124 123
124 125
125 124
125 126
126 125
126 127
126 494
127 97
127 126
127 128
128 99
128 127
129 99
129 130
130 129
130 131
130 833
131 130
131 132
132 68
132 131
132 133
133 132
133 134
133 1021
134 133
134 135
134 525
135 134
135 525
136 137
136 526
137 136
137 138
138 137
138 139
138 188
139 138
139 140
140 139
140 141
141 140
141 190
142 108
142 143
142 337
142 543
142 762
143 142
144 145
145 144
145 146
146 145
146 147
146 773
147 115
147 146
147 148
148 147
148 149
149 115
149 148
149 150
149 351
150 149
150 151
151 150
151 152
151 374
151 375
151 780
152 151
152 153
153 152
153 154
154 153
154 155
155 154
155 156
155 647
155 933
156 119
156 155
157 119
157 158
157 450
158 157
158 159
158 411
158 450
158 934
158 935
159 158
159 160
159 210
159 211
159 450
159 667
159 948
160 159
160 161
161 160
161 162
162 161
162 163
163 162
163 164
164 163
164 165
164 166
164 650
165 164
165 166
165 971
166 164
166 165
166 167
166 496
166 497
166 631
167 166
167 168
167 651
168 167
168 169
168 494
168 989
169 168
169 170
169 651
170 169
170 171
170 172
171 170
171 172
171 1024
172 170
172 171
172 173
172 174
172 992
173 172
173 174
173 1000
174 172
174 173
174 175
174 217
174 1024
175 174
175 176
175 218
175 219
176 175
176 177
177 176
177 178
178 177
178 179
179 178
179 180
180 179
180 181
181 180
181 182
181 222
181 526
182 181
182 183
182 184
182 223
182 843
182 844
183 182
183 184
184 182
184 183
184 185
184 224
184 1037
185 184
185 186
186 185
186 187
187 186
188 138
188 189
189 188
189 190
189 845
190 141
190 189
190 1038
191 192
192 191
192 193
193 192
193 194
193 261
193 560
194 193
194 195
195 194
195 196
196 195
196 197
197 196
197 198
197 635
198 197
198 199
199 198
199 200
199 729
200 199
200 201
200 735
201 200
201 202
201 640
201 641
202 201
202 203
203 202
203 204
204 203
204 738
204 756
204 757
205 206
205 662
205 663
205 775
206 205
206 207
206 351
207 206
207 208
208 207
208 209
208 352
208 375
209 208
209 210
209 378
209 379
209 936
210 159
210 209
210 934
211 159
211 212
211 950
212 211
212 213
212 452
212 453
212 649
212 650
212 652
212 667
213 212
213 214
213 826
214 213
214 215
214 980
215 214
215 216
216 215
216 217
216 497
216 498
216 994
217 174
217 216
217 218
217 500
217 514
218 175
218 217
218 1025
219 175
219 220
220 219
220 221
221 220
221 222
222 181
222 221
222 223
222 249
222 679
223 182
223 222
224 184
225 226
225 914
226 225
226 227
226 352
226 643
226 900
227 226
227 228
227 354
227 777
227 900
228 227
228 229
229 228
229 230
230 229
230 231
231 230
231 232
232 231
232 233
232 417
232 418
233 232
233 234
234 233
234 235
235 234
235 236
235 680
235 810
236 235
236 237
237 236
237 238
237 461
238 237
238 239
238 460
238 463
238 502
238 685
239 238
239 240
240 239
240 241
240 503
241 240
241 242
241 686
242 241
242 243
242 504
242 1001
243 242
243 244
243 692
243 1002
244 243
244 245
245 244
245 246
246 245
246 247
247 246
247 248
248 247
248 249
249 222
249 248
249 527
250 251
250 257
250 263
250 342
250 759
251 250
251 252
251 643
252 251
252 253
252 913
253 252
253 254
253 260
253 265
253 384
253 385
254 253
254 688
254 812
254 813
255 256
255 506
256 255
257 250
257 258
257 264
257 269
257 270
257 283
257 355
257 356
257 765
257 766
258 257
258 259
259 258
259 260
260 253
260 259
260 781
261 193
261 262
262 261
262 263
263 250
263 262
264 257
264 265
265 253
265 264
265 266
265 386
266 265
266 267
267 266
267 268
268 267
269 257
270 257
270 271
270 781
270 782
271 270
271 709
271 710
272 273
272 287
272 425
273 272
273 274
274 273
274 275
275 274
275 276
276 275
276 277
277 276
277 278
277 470
277 471
278 277
278 279
278 850
279 278
279 280
280 279
280 281
281 280
281 282
282 281
283 257
283 284
284 283
284 285
285 284
285 286
285 386
286 285
286 287
286 294
287 272
287 286
287 288
288 287
288 289
289 288
289 290
289 473
290 289
290 291
290 853
291 290
292 293
292 357
292 358
293 292
293 294
293 782
293 783
294 286
294 293
294 295
294 387
295 294
295 296
296 295
296 297
297 296
297 298
298 297
298 299
299 298
299 300
300 299
300 301
301 300
301 474
302 303
302 358
302 359
303 302
303 304
304 303
304 305
305 304
305 306
306 305
306 307
307 306
307 308
307 316
308 307
308 309
308 786
309 308
309 310
309 395
310 309
310 311
310 394
310 862
311 310
311 312
311 862
312 311
312 313
312 482
312 483
312 865
313 312
314 315
314 323
314 359
314 772
315 314
315 316
315 882
316 307
316 315
316 317
316 324
317 316
317 318
318 317
318 319
319 318
319 320
319 396
319 873
320 319
320 321
320 395
320 864
321 320
321 322
322 321
323 314
323 324
324 316
324 323
324 325
324 883
325 324
325 326
326 325
326 327
326 400
326 401
327 326
328 329
329 328
329 330
330 329
330 331
331 330
331 332
332 331
332 333
332 555
332 556
333 332
333 334
334 333
334 335
335 334
335 727
335 728
336 108
337 142
337 338
337 720
338 75
338 337
339 75
339 340
339 753
339 754
340 339
340 723
340 724
341 342
341 643
341 903
341 911
342 250
342 341
343 23
343 344
344 47
344 343
345 46
345 47
345 346
345 892
346 345
346 347
347 346
347 348
348 83
348 347
348 601
349 83
349 350
350 115
350 349
350 614
351 149
351 206
351 352
351 375
352 208
352 226
352 351
352 353
352 663
352 664
352 924
353 352
353 354
353 403
353 426
354 227
354 353
354 355
354 913
355 257
355 354
356 257
356 357
357 292
357 356
358 292
358 302
358 769
359 302
359 314
360 10
360 361
360 778
360 927
361 360
361 362
362 2
362 31
362 46
362 361
362 363
363 27
363 362
363 919
364 27
364 365
364 792
364 932
365 51
365 364
365 920
366 51
366 367
367 366
367 368
367 601
367 602
367 799
368 52
368 367
368 369
369 368
369 370
370 369
370 371
371 370
371 372
372 371
372 373
372 622
372 623
373 117
373 372
373 615
374 117
374 151
375 151
375 208
375 351
375 376
375 644
376 375
376 377
377 376
377 378
378 209
378 377
379 209
379 380
379 664
379 665
380 379
380 381
380 664
380 921
381 380
381 382
382 381
382 383
383 382
383 384
383 416
383 924
384 253
384 383
384 385
384 925
385 253
385 384
385 419
386 265
386 285
387 294
387 388
388 387
388 389
389 388
389 390
390 389
390 391
390 474
390 858
391 390
391 392
391 478
391 479
391 858
392 391
392 393
393 392
393 394
393 861
394 310
394 393
395 309
395 320
396 319
396 397
396 877
397 396
397 398
398 397
398 399
399 398
399 400
399 879
400 326
400 399
401 326
401 402
402 401
403 353
403 404
404 2
404 403
404 429
404 430
404 801
405 2
405 31
405 790
405 797
405 801
406 31
406 407
406 798
407 52
407 406
407 408
408 88
408 407
409 88
409 410
410 119
410 409
410 619
410 620
410 626
411 158
411 412
411 944
412 411
412 413
412 923
413 412
413 414
413 415
413 649
413 667
414 413
414 415
415 413
415 414
415 416
415 946
416 383
416 415
416 417
416 680
417 232
417 416
418 232
418 419
419 385
419 418
419 420
419 959
420 419
420 421
421 420
421 422
421 812
421 960
422 421
422 423
423 422
423 424
424 423
424 425
424 815
425 272
425 424
426 353
426 427
427 426
427 428
428 427
428 429
428 816
429 404
429 428
429 430
430 3
430 404
430 429
430 564
431 3
431 432
432 431
432 433
433 432
433 434
433 567
434 433
434 435
435 434
435 436
436 34
436 37
436 435
437 35
437 57
437 438
438 437
438 439
438 604
439 438
439 440
440 439
440 441
440 607
441 440
441 442
441 606
442 441
442 443
442 445
442 446
443 442
443 444
444 92
444 443
445 92
445 442
446 92
446 442
447 90
447 122
448 121
448 122
448 628
448 809
449 121
449 450
450 157
450 158
450 159
450 449
450 451
450 621
450 630
451 450
451 452
452 212
452 451
453 212
453 454
454 453
454 455
454 945
455 454
455 456
455 669
455 670
455 681
455 826
456 455
456 457
456 682
456 951
457 456
457 458
457 683
458 457
458 459
459 458
459 460
459 684
459 685
459 947
460 238
460 459
460 952
461 237
461 462
461 690
462 461
462 463
463 238
463 462
463 464
463 505
463 691
464 463
464 981
465 466
465 509
466 465
466 467
466 712
467 466
467 468
467 984
468 467
468 469
469 468
469 470
470 277
470 469
471 277
471 472
472 471
472 473
473 289
473 472
474 301
474 390
474 475
474 859
475 474
475 476
476 475
476 477
477 476
477 478
478 391
478 477
479 391
479 480
480 479
480 481
481 480
481 482
482 312
482 481
483 312
483 484
483 867
484 483
484 485
485 484
485 864
486 487
486 535
487 5
487 486
487 1015
488 4
488 11
488 565
488 566
489 11
489 39
489 490
489 986
490 489
490 491
491 42
491 44
491 63
491 490
491 988
492 44
492 45
492 63
492 493
493 63
493 97
493 492
494 126
494 168
494 495
494 496
495 494
495 496
496 166
496 494
496 495
496 631
496 634
497 166
497 216
498 216
498 499
499 498
499 500
499 826
500 217
500 499
500 501
501 500
501 502
501 673
501 674
501 685
502 238
502 501
503 240
503 504
504 242
504 503
504 505
505 463
505 504
505 692
506 255
506 507
507 506
507 508
508 507
508 509
509 465
509 508
510 7
510 511
510 537
510 538
511 6
511 510
512 3
512 4
512 5
512 15
512 513
513 45
513 512
513 827
514 217
514 515
514 677
514 678
514 1025
515 514
515 516
516 515
516 517
517 516
517 518
517 529
518 517
518 519
518 707
519 518
519 520
520 519
520 521
521 520
521 522
522 521
523 524
524 523
524 525
524 1023
525 134
525 135
525 524
526 136
526 181
526 843
526 1031
527 249
527 698
527 699
528 529
529 517
529 528
529 530
529 1026
530 529
530 531
530 707
530 840
531 530
531 532
532 531
532 533
533 532
533 534
534 533
535 486
535 536
536 535
536 537
537 510
537 536
537 834
538 510
538 539
539 538
539 540
540 8
540 539
541 542
541 800
542 541
542 962
542 963
543 142
544 75
544 545
544 745
544 751
544 752
545 544
545 546
546 545
546 547
547 546
547 548
547 891
548 72
548 547
548 549
548 573
549 548
549 550
550 549
550 551
551 550
551 552
552 551
552 553
552 727
553 552
553 554
554 553
555 332
556 332
556 557
557 556
557 558
558 557
558 559
558 648
559 558
559 560
560 193
560 559
561 562
562 561
562 563
563 562
563 1015
564 430
564 565
565 488
565 564
566 488
567 25
567 27
567 433
567 778
568 37
568 38
568 41
568 818
569 51
570 24
571 65
572 51
572 82
572 760
572 896
572 897
573 548
573 574
574 573
574 575
575 574
575 576
576 575
576 577
577 576
577 578
578 577
578 579
579 578
580 581
581 580
581 582
582 581
582 583
582 890
583 582
583 584
584 583
585 586
586 585
586 587
587 586
587 588
587 739
588 587
589 590
590 589
590 591
591 590
591 592
592 591
592 593
593 592
593 594
594 593
594 595
595 594
595 596
596 595
596 597
597 596
597 746
598 599
599 598
599 600
600 77
600 599
601 50
601 85
601 348
601 367
602 52
602 87
602 367
603 54
603 87
603 604
603 605
604 438
604 603
605 87
605 89
605 603
605 606
606 89
606 441
606 605
606 806
607 440
607 608
608 607
608 609
609 59
609 608
610 111
611 612
612 611
612 613
613 82
613 114
613 612
614 350
614 615
614 929
615 373
615 614
615 616
615 624
616 615
616 617
617 616
617 618
618 617
618 619
618 803
619 119
619 410
619 618
619 933
620 410
620 621
620 942
621 450
621 620
622 115
622 372
623 372
623 624
624 615
624 623
624 625
625 88
625 624
625 802
625 803
626 410
626 627
627 89
627 626
628 448
628 629
628 969
629 628
629 630
630 450
630 629
630 631
630 632
630 823
630 824
631 166
631 496
631 630
631 632
632 630
632 631
633 123
633 634
634 496
634 633
634 970
635 197
635 636
636 635
636 637
637 636
637 638
638 637
638 639
639 638
639 640
640 201
640 639
641 201
641 642
641 736
641 738
642 641
642 737
643 226
643 251
643 341
643 660
643 763
643 764
644 375
644 645
645 644
645 646
646 645
646 647
647 119
647 155
647 646
647 934
648 558
649 212
649 413
649 668
650 164
650 212
651 167
651 169
652 212
652 653
653 652
653 654
654 653
654 655
654 980
655 654
655 656
656 655
656 657
657 656
657 658
657 979
657 992
658 657
658 659
659 658
660 643
660 661
660 914
660 915
661 660
661 662
661 776
662 205
662 661
663 205
663 352
664 352
664 379
664 380
665 379
665 666
666 665
666 667
667 159
667 212
667 413
667 666
668 649
668 669
669 455
669 668
670 455
670 671
671 670
671 672
671 684
671 826
672 671
672 673
673 501
673 672
674 501
675 676
676 675
676 677
677 514
677 676
677 687
678 514
678 679
679 222
679 678
680 235
680 416
680 681
681 455
681 680
681 682
682 456
682 681
683 457
683 684
684 459
684 671
684 683
684 685
685 238
685 459
685 501
685 684
686 241
686 687
687 677
687 686
688 254
688 689
689 688
689 690
690 461
690 689
690 691
690 961
691 463
691 690
692 243
692 505
692 693
693 692
693 694
694 693
694 695
695 694
695 696
696 695
696 697
697 696
697 698
698 527
698 697
698 838
699 527
699 700
700 699
700 701
700 847
700 1027
700 1028
701 700
701 702
702 701
702 703
703 702
703 704
704 703
704 705
705 704
705 706
706 705
707 518
707 530
708 709
708 813
708 814
709 271
709 708
710 271
710 711
711 710
711 712
712 466
712 711
713 714
714 713
714 715
715 714
715 716
716 715
716 717
717 716
717 718
718 717
718 719
719 718
719 857
720 337
720 721
721 720
721 722
722 721
722 723
722 762
723 340
723 722
724 340
724 725
725 72
725 724
725 726
726 725
726 727
727 335
727 552
727 726
728 335
728 729
729 199
729 728
729 734
730 731
731 730
731 732
732 731
732 733
733 732
733 734
734 729
734 733
735 200
735 736
736 641
736 735
736 737
737 642
737 736
738 204
738 641
739 587
739 740
740 739
740 741
741 740
741 742
742 741
742 743
743 742
743 744
744 743
744 745
745 544
745 744
746 597
746 747
747 746
747 748
748 747
748 749
749 748
749 750
750 749
750 751
751 544
751 750
751 889
752 544
752 753
753 339
753 752
754 339
754 755
755 754
756 204
757 204
757 758
758 757
758 759
759 250
759 758
760 46
760 572
760 892
761 114
761 898
762 142
762 722
763 643
764 643
764 765
764 901
764 902
765 257
765 764
766 257
766 767
767 766
767 768
768 767
768 769
769 358
769 768
769 770
770 769
770 771
771 770
771 772
772 314
772 771
773 146
773 774
774 773
774 775
775 205
775 774
776 661
776 777
777 227
777 776
778 360
778 567
778 930
779 25
779 50
780 116
780 151
781 260
781 270
782 270
782 293
783 293
783 784
784 783
784 785
785 784
785 786
786 308
786 785
787 788
788 787
788 789
789 788
789 790
790 405
790 789
790 791
790 931
791 27
791 790
792 27
792 30
792 364
792 793
793 792
793 794
794 793
794 795
795 52
795 794
796 1
796 797
797 27
797 30
797 405
797 796
798 30
798 406
798 799
799 367
799 798
800 541
800 801
800 926
801 10
801 404
801 405
801 800
802 625
803 618
803 625
804 33
804 54
805 2
805 34
806 35
806 606
807 88
807 808
808 807
808 809
809 121
809 448
809 808
809 943
810 235
810 811
810 957
810 958
811 810
811 812
812 254
812 421
812 811
812 956
812 961
813 254
813 708
814 708
814 815
815 424
815 814
816 428
816 817
817 39
817 816
818 568
818 819
819 818
819 820
820 63
820 819
821 94
821 822
822 123
822 821
823 123
823 630
823 970
824 630
824 825
825 824
826 213
826 455
826 499
826 671
827 513
827 828
828 44
828 827
829 830
830 67
830 829
831 832
832 831
832 833
833 130
833 832
834 537
834 835
834 1004
834 1005
835 834
835 836
835 1007
836 835
836 837
837 836
838 698
838 839
839 838
840 530
840 841
841 840
841 842
842 841
843 182
843 526
844 182
845 189
845 846
846 845
847 700
847 848
848 847
848 849
849 848
850 278
850 851
851 850
851 852
852 851
853 290
853 854
854 853
854 855
855 854
855 856
856 855
856 857
857 719
857 856
858 390
858 391
858 860
859 474
860 858
861 393
862 310
862 311
862 863
863 862
863 864
864 320
864 485
864 863
865 312
865 866
866 865
866 867
867 483
867 866
867 868
867 870
868 867
868 869
869 868
870 867
870 871
871 870
871 872
872 871
873 319
873 874
873 876
874 873
874 875
875 874
876 873
876 877
877 396
877 876
877 878
878 877
879 399
880 881
880 884
881 880
881 882
882 315
882 881
883 324
884 880
885 886
886 885
886 887
887 886
887 888
888 887
888 889
889 751
889 888
890 582
890 891
891 547
891 890
892 345
892 760
892 893
893 892
893 894
894 893
895 896
896 572
896 895
897 572
898 761
898 899
899 115
899 898
900 226
900 227
900 901
900 915
901 764
901 900
902 764
903 341
903 904
903 906
903 907
904 903
904 905
905 904
906 903
907 903
907 908
908 907
908 909
909 908
909 910
910 909
911 341
911 912
912 911
913 252
913 354
914 225
914 660
915 660
915 900
916 25
916 917
916 918
917 47
917 916
918 916
919 363
919 920
920 365
920 919
921 380
921 922
922 921
922 923
923 412
923 922
924 352
924 383
924 925
925 384
925 924
926 800
927 360
927 928
928 927
928 929
929 614
929 928
930 778
931 790
932 364
933 155
933 619
934 158
934 210
934 647
934 936
935 158
936 209
936 934
937 34
938 55
939 89
939 940
940 939
940 941
941 92
941 940
942 620
943 89
943 809
944 411
945 454
945 946
946 415
946 945
947 459
948 159
948 949
949 948
949 950
950 211
950 949
951 456
952 460
953 954
954 953
954 955
955 954
955 956
956 812
956 955
957 810
958 810
958 959
959 419
959 958
960 421
961 690
961 812
962 542
963 542
963 964
964 4
964 963
964 965
965 964
966 11
967 91
967 968
968 122
968 967
969 628
970 634
970 823
971 165
972 973
973 972
973 974
974 973
974 975
975 974
975 976
976 975
976 977
977 976
977 978
978 977
978 979
978 991
979 657
979 978
980 214
980 654
981 464
981 982
982 981
983 984
984 467
984 983
985 11
985 987
986 12
986 489
987 985
988 491
989 168
989 990
990 989
991 978
992 172
992 657
992 993
993 992
993 994
994 216
994 993
994 995
994 1000
995 994
995 996
996 995
996 997
997 996
997 998
998 997
998 999
999 998
1000 173
1000 994
1001 242
1002 243
1003 1004
1004 834
1004 1003
1005 834
1005 1006
1005 1016
1006 1005
1007 835
1007 1008
1008 1007
1008 1009
1008 1018
1009 1008
1009 1010
1010 1009
1010 1011
1011 1010
1011 1012
1012 1011
1013 1014
1014 8
1014 1013
1015 487
1015 563
1016 1005
1017 1018
1018 1008
1018 1017
1019 68
1020 102
1020 103
1020 1021
1021 133
1021 1020
1022 105
1023 104
1023 524
1024 171
1024 174
1025 218
1025 514
1026 529
1026 1027
1027 700
1027 1026
1028 700
1029 1030
1030 22
1030 1029
1031 526
1031 1032
1032 1031
1032 1033
1033 1032
1034 1035
1035 1034
1035 1036
1036 1035
1036 1037
1037 184
1037 1036
1038 190
1038 1039
1039 1038
